1923.11000000
1921.52000000
1922.04000000
1920.73000000
1924.73000000
1919.55000000
1910.65000000
1912.78000000
1925.23000000
1923.52000000
1917.44000000
1915.79000000
1923.17000000
1928.03000000
1925.26000000
1926.80000000
1916.39000000
1917.75000000
1920.42000000
1906.00000000
1897.60000000
1893.59000000
1877.00000000
1872.36000000
1873.70000000
1872.95000000
1878.51000000
1879.73000000
1874.45000000
1876.14000000
1873.16000000
1875.32000000
1878.14000000
1878.60000000
1881.03000000
1876.25000000
1874.03000000
1874.24000000
1877.95000000
1879.21000000
1885.41000000
1886.16000000
1892.97000000
1888.00000000
1890.03000000
1873.69000000
1862.74000000
1864.82000000
1864.69000000
1866.03000000
1881.90000000
1882.22000000
1884.68000000
1882.16000000
1882.59000000
1882.35000000
1884.77000000
1884.47000000
1886.62000000
1889.42000000
1891.71000000
1887.73000000
1891.69000000
1890.95000000
1905.84000000
1909.17000000
1915.57000000
1911.32000000
1901.32000000
1887.79000000
1892.75000000
1890.70000000
1888.14000000
1885.55000000
1879.38000000
1886.60000000
1877.95000000
1878.45000000
1879.81000000
1880.29000000
1878.09000000
1881.93000000
1887.52000000
1892.37000000
1895.81000000
1898.62000000
1895.57000000
1890.05000000
1889.78000000
1883.17000000
1880.39000000
1889.04000000
1890.39000000
1893.43000000
1880.01000000
1874.85000000
1876.98000000
1885.52000000
1887.41000000
1886.43000000
1888.76000000
1889.40000000
1886.15000000
1889.40000000
1889.41000000
1886.62000000
1883.00000000
1884.77000000
1884.07000000
1872.85000000
1873.40000000
1878.71000000
1873.22000000
1876.19000000
1878.20000000
1873.51000000
1869.97000000
1866.93000000
1881.56000000
1885.41000000
1878.57000000
1875.76000000
1880.89000000
1880.42000000
1879.44000000
1879.77000000
1882.20000000
1882.41000000
1884.00000000
1884.94000000
1882.68000000
1884.37000000
1880.66000000
1882.16000000
1880.40000000
1877.05000000
1880.44000000
1881.01000000
1879.49000000
1883.86000000
1883.86000000
1883.56000000
1884.91000000
1884.98000000
1884.49000000
1882.82000000
1884.55000000
1883.42000000
1885.17000000
1884.84000000
1882.64000000
1882.57000000
1880.54000000
1883.71000000
1883.30000000
1881.70000000
1879.81000000
1880.58000000
1881.54000000
1880.94000000
1880.43000000
1880.79000000
1880.94000000
1879.83000000
1881.96000000
1883.50000000
1884.06000000
1884.51000000
